1.307909781251021863e+00
1.307924242942239301e+00
1.294228361158180851e+00
1.160071534398986914e+00
1.307945803378592675e+00
1.307889112470771442e+00
1.307946046047481214e+00
1.307949757157451209e+00
1.307960494564408105e+00
1.308038865504626225e+00
1.308065685145042290e+00
1.160288828806167682e+00
1.307412276251173511e+00
1.181621030908897252e+00
1.307146388684241156e+00
1.182125668749674618e+00
1.305769194838656722e+00
1.421924855526884190e+00
1.404406781171081420e+00
1.404406729276009846e+00
1.323572902559820408e+00
1.306704554319753742e+00
2.617916539066702519e-01
2.617916539077749238e-01
2.617916539054262470e-01
2.617910395301739634e-01
2.617914441243588408e-01
2.617909513401137089e-01
2.618002345583445578e-01
2.618002345583445578e-01
2.618417631701959736e-01
2.618309868500910409e-01
1.434791198077044472e+00
1.430341159612561475e+00
1.430451911426978251e+00
1.430453960996789675e+00
1.448452068404882498e+00
1.448426185457039495e+00
1.448436505952607201e+00
1.371513920029342470e+00
1.429386066763922658e+00
1.429440042176526315e+00
1.429427967166820190e+00
1.431220970091116707e+00
1.369889076296725960e+00
1.366219475002609096e+00
2.850014187083842465e-01
3.165467082704933599e-01
2.862893510574600064e-01
2.881693774224193816e-01
1.440921929118279543e+00
1.440935488372636630e+00
1.440958116992951066e+00
1.403697630302503940e+00
2.652691702051283018e-01
2.657700654957398934e-01
3.143194528117909670e-01
1.440646898890930894e+00
1.389802252357337231e+00
2.660863019036074917e-01
2.664934406185351934e-01
2.665590680378555066e-01
1.442885205318348518e+00
1.365821875052312118e+00
1.426166531694327277e+00
1.432325998829844904e+00
1.369714941001954456e+00
2.630279374315528940e-01
3.518043027368142339e-01
1.322419386531976215e+00
1.322407997145358838e+00
1.321970756373239464e+00
3.444422904598156143e-01
1.702369231006820582e+00
3.442506602100162683e-01
1.720077620683918562e+00
1.720077620683918562e+00
2.622787508780883847e-01
3.117717890303717265e-01
3.103872349873364467e-01
1.702485275205320114e+00
1.720133340368089181e+00
1.705583591660625009e+00
1.322105696313015555e+00
1.702719320195903663e+00
1.322189894504035124e+00
2.632117919584808230e-01
3.064776028334335600e-01
1.449002061284170750e+00
1.608200611966360549e+00
1.606736903804595773e+00
1.702756909629501880e+00
1.606017865236762932e+00
3.036067892477302133e-01
1.687992498954022924e+00
1.683634499261115414e+00
3.365636162721700742e-01
3.357198685126701609e-01
3.027240749562828959e-01
3.352836022012763428e-01
3.340107601787593028e-01
1.404922944294685783e+00
1.404992066086922398e+00
1.091899744364501768e+00
1.326878147549092057e+00
3.003457431945664169e-01
3.004258336100700255e-01
1.604886553753629208e+00
1.370061284284916914e+00
1.090958616830877803e+00
1.325596195297104263e+00
1.092054492872835736e+00
1.370386659759147863e+00
2.994867377472879011e-01
1.090203523723091150e+00
1.447356668411967640e+00
1.447372023871539293e+00
1.092089348661384074e+00
2.986570337059248348e-01
1.436109518440843669e+00
1.092062130060794223e+00
2.983818945461018113e-01
1.522728402545188819e+00
1.369510198038618620e+00
3.520381103112744658e-01
1.323641399581611866e+00
1.706183860188607238e+00
2.968500246723899116e-01
1.426271005398038083e+00
1.092114335748192611e+00
2.964301436946584767e-01
1.090655793179432287e+00
2.959990060318229421e-01
1.292036051639509520e+00
1.291979244937355942e+00
1.292149753542879642e+00
2.947463425352123689e-01
2.871892785666564918e-01
2.871674112182456828e-01
2.945068302944101046e-01
3.090119751287703220e-01
1.293044719357324013e+00
1.445910720592546772e+00
2.763275555176740172e-01
1.293174801184750367e+00
2.702862046068884583e-01
2.701318539391407425e-01
1.319626996403565844e+00
1.293234128852045250e+00
1.293341268686765355e+00
1.293354810545442435e+00
3.185491203035799024e-01
1.293269981654274758e+00
2.872949233427746218e-01
9.466496378717040860e-01
1.405599618743389012e+00
1.319396074237202177e+00
2.801166096949326278e-01
1.687496965905992630e+00
2.883884529095466775e-01
2.646377933596477106e-01
2.973631841686744659e-01
2.940540314868379523e-01
1.094917582210756413e+00
1.095198099222598698e+00
3.002078887342403690e-01
1.448367631060924365e+00
3.172179307524584102e-01
1.270283915404642139e+00
9.640210022800472789e-01
9.602993374552634132e-01
1.303208245441349833e+00
9.603876706560371401e-01
9.605094511033793747e-01
9.605955654119773257e-01
2.647204633445789934e-01
3.095660227686727883e-01
9.492551561239153113e-01
1.091858578476587294e+00
3.282635998414089040e-01
3.281316464200423333e-01
9.922714874792817330e-01
2.915763181087951406e-01
2.915763181087950295e-01
3.177304381682950485e-01
3.177226435192080367e-01
2.658352031902720403e-01
1.091902890193919173e+00
9.619002080836877022e-01
3.291645385210248964e-01
3.240831290037030632e-01
1.091920478922455917e+00
1.624898392554781523e+00
1.091323379288071660e+00
1.306535648513396985e+00
2.516206027861630501e-01
1.372135885489632168e+00
1.091882828441722575e+00
2.900905893547838232e-01
1.306319698129623008e+00
1.405820122746389567e+00
9.823702856976266329e-01
1.091905930857551832e+00
3.222058284540158524e-01
1.280298725384191316e+00
1.283754412676042511e+00
1.266856334845511523e+00
1.091773120514812012e+00
1.091860824984898004e+00
3.198838120435862353e-01
1.072384686012078037e+00
1.091189441045123054e+00
1.091534916794221877e+00
9.335149953085027930e-01
1.266079810216373058e+00
2.882657953873754564e-01
2.531230264368535821e-01
1.091874758504622678e+00
1.372060985286872148e+00
1.091846674682835694e+00
1.091840458277745007e+00
1.091861754843743704e+00
1.091834122671790031e+00
2.871737019047576611e-01
1.305958037670357008e+00
1.091828494924090176e+00
1.370017391870985479e+00
1.090823271487689761e+00
3.203164738790259536e-01
2.378108870270025654e-01
1.136755031568186247e+00
2.767815060148091089e-01
1.672621890014067692e+00
1.091777892363038793e+00
1.305625036448046838e+00
1.146701918472742054e+00
1.406173106920046045e+00
1.097574137123219273e+00
1.090553363139221910e+00
1.091702062294348963e+00
1.369064773485769715e+00
1.381421438198951579e+00
1.089354059693474763e+00
1.548403063061781770e+00
1.302756877788976198e+00
1.089320835071988736e+00
1.091646403155223766e+00
1.091644724725206350e+00
1.381897155447528114e+00
1.547925288309665914e+00
1.093321101204759227e+00
1.091582855391534990e+00
9.184896894375804699e-01
1.145787321788660051e+00
1.404838867420101112e+00
1.302503774858243535e+00
2.428313378888539986e-01
1.137268144033449557e+00
1.147242184025982770e+00
1.018480934787944436e+00
1.380637093177265795e+00
1.322729983410201315e+00
1.305480412459099071e+00
1.138589587918314550e+00
1.379002044634475288e+00
1.414763046229621901e+00
1.096144841511629942e+00
1.370941659789752132e+00
3.008016528056748906e-01
3.008679148609993415e-01
2.595080785830634063e-01
1.322759535058630753e+00
1.094988526135263651e+00
2.582414791529129006e-01
2.883435541409620773e-01
1.301977184658004827e+00
2.595379013351172270e-01
1.405175022439014487e+00
3.058676747435482013e-01
2.609083233941145163e-01
3.068919673124049230e-01
1.150583000431165903e+00
3.093800449365004535e-01
1.087474308432530234e+00
1.439645736914738849e+00
1.152449126930576995e+00
1.152385680079897723e+00
1.368928384961473510e+00
1.366307666209881422e+00
1.096024530823338727e+00
1.087353137673303216e+00
1.088581037217883241e+00
3.138699773976689755e-01
3.136738198414946721e-01
2.679826909402060475e-01
1.301345759508104605e+00
3.143342913178954201e-01
2.659097226340540465e-01
2.663642964604219232e-01
3.152299586943004273e-01
1.087298839855010968e+00
3.553077964364249053e-01
3.195962643784550083e-01
2.724433036178512402e-01
2.721750345569506346e-01
1.415064483864077793e+00
2.663312568936496705e-01
1.037537825763931387e+00
2.663523788015415006e-01
3.332610682476762065e-01
2.654912007703839616e-01
9.813590579547224468e-01
2.677247191923323721e-01
1.301206839220079736e+00
1.304407250993796286e+00
2.619446482171606805e-01
1.372553711264559384e+00
1.432984305207749109e+00
1.157702441682474825e+00
2.619418083999757174e-01
1.088710090351050708e+00
2.621314680841985711e-01
1.088707624722985212e+00
1.304315963412684853e+00
1.157378051781127848e+00
1.158444691625650114e+00
1.158496132975886939e+00
1.372940059296623438e+00
2.620393526951438901e-01
1.066617384380068145e+00
1.134146347757114759e+00
1.040308447042737505e+00
1.040308615093959554e+00
1.040309339402732292e+00
1.099452530869183597e+00
1.153395532810931767e+00
1.096233202783360117e+00
1.159514574937611675e+00
1.135259655320978611e+00
3.315919927834661829e-01
1.097874668074743987e+00
1.091922671325888272e+00
1.136173843821989271e+00
1.144794496805907613e+00
2.615203139990510128e-01
3.200143190580974073e-01
1.091487347234025407e+00
1.091534814182976598e+00
1.431679262731583746e+00
1.179037933887769452e+00
1.433516837056731497e+00
3.168728594071889004e-01
1.147205279125063981e+00
1.157211581411005996e+00
2.676414780206943789e-01
1.179741931437676250e+00
3.129920627932521460e-01
2.618397271098721335e-01
2.705057797633028116e-01
1.190948520533869681e+00
1.433231200900528135e+00
2.620125825100013128e-01
2.620124934936749472e-01
1.300717834384224503e+00
1.300782942194691483e+00
1.149844884692494018e+00
1.180468720295787532e+00
1.180725547949435628e+00
1.434615234501742442e+00
1.433224473272459054e+00
1.433150972614261498e+00
1.430729218485336629e+00
1.430779335276481046e+00
1.180703527720684543e+00
1.180510986212309765e+00
1.430790158621914276e+00
1.395784476938407570e+00
1.336325210600538549e+00
1.184458730942664850e+00
1.155620965685784762e+00
1.414402305296520446e+00
1.430526974218463643e+00
1.430699175558023173e+00
1.181087134222641888e+00
1.394231797942840023e+00
1.430693374093444437e+00
1.393890719438512393e+00
1.434210749923968908e+00
1.432435550607754404e+00
2.477204802015727236e-01
1.343537382725408902e+00
1.342496399723420053e+00
2.667860005399818046e-01
1.433672202941178808e+00
1.230764906136647685e+00
1.227862474836858953e+00
1.342762867839230934e+00
1.433576540890883821e+00
1.224437721118761146e+00
1.364540585229251590e+00
1.364541757294319924e+00
1.433346771041013712e+00
2.555842236282825919e-01
1.152408431613883177e+00
1.342624961989963728e+00
1.094824264674169934e+00
1.225891045925695089e+00
1.226652022450174462e+00
1.227664394871785580e+00
1.342670688275537039e+00
1.360841730126113314e+00
1.233742990006730267e+00
1.096572653371310269e+00
1.431696302233630647e+00
3.468428967703124366e-01
1.363610023104584901e+00
1.363600468299413837e+00
1.229232450305417723e+00
1.229186234614791928e+00
1.368708365439447849e+00
2.999953002842045136e-01
1.432711579743520591e+00
1.038780791413658866e+00
1.410251884361373165e+00
1.270725134587942895e+00
1.295725485522251530e+00
1.436375417560578960e+00
1.300592003888931814e+00
1.436360343740605394e+00
1.436418222169987047e+00
1.436381356591803327e+00
1.436554251794453396e+00
1.241657374579863138e+00
1.237206585157750061e+00
1.432977258921204422e+00
1.433035052468795367e+00
1.042509641915889462e+00
1.211491483815048120e+00
1.042452325990207429e+00
2.640499598596203756e-01
2.638886394771185473e-01
1.207106080826054528e+00
1.428080607576968530e+00
3.677636118056272774e-01
2.519372695613906199e-01
2.467639347822243590e-01
1.428230129780618807e+00
1.428244162779434445e+00
1.437215705806434540e+00
2.512438504963031005e-01
2.510201209510011244e-01
2.505147272393909996e-01
1.219275118609376207e+00
2.441287969965139082e-01
1.324325137902369276e+00
2.524431528090553822e-01
2.534559715808998304e-01
1.431721686272999117e+00
3.402163390386980790e-01
1.428655560659348067e+00
2.562976142595506102e-01
1.428694207306945518e+00
2.554649653111223384e-01
1.428804338830536924e+00
1.428824354241269301e+00
1.431466835659447101e+00
2.450133626690179922e-01
1.426648474739962813e+00
2.451283895866248896e-01
3.590463057631573807e-01
2.533223875532986114e-01
2.532571187712107097e-01
1.429072857593314039e+00
2.571684611275013577e-01
1.040286625078263860e+00
1.144619547422151218e+00
1.433477184250753433e+00
1.441952867398155202e+00
2.457175046557047993e-01
1.439504233094614838e+00
9.335453148903757326e-01
9.335453148903757326e-01
2.473289337080897821e-01
1.324511677184756930e+00
2.459716003994725786e-01
1.032721879553320177e+00
2.471197252846892845e-01
2.473735820107532124e-01
2.453825428949038268e-01
1.405276244326825630e+00
2.469961670616196148e-01
2.499071620904220747e-01
1.437782766017343894e+00
2.498739005818299275e-01
2.512098027373272369e-01
1.444590860458983217e+00
2.542158260517307089e-01
2.545338113256165324e-01
2.569212369170469357e-01
1.374341441145235709e+00
1.425842660285215446e+00
2.844045683106125044e-01
2.513805241126633727e-01
1.357187516335001565e+00
2.742238809276030254e-01
2.588608768482943967e-01
1.265800305651209046e+00
1.035027833708549228e+00
1.405444336855859344e+00
1.093169587989841984e+00
1.457627353869823672e+00
1.453678975521956795e+00
