4.015582496514253363e-01
4.014912854143829479e-01
4.013870634472623267e-01
4.017638805914405253e-01
4.009486141335132925e-01
4.019011065782792658e-01
4.027871486802572787e-01
4.002342861934060636e-01
4.039733218547722493e-01
4.047097287340684080e-01
4.052570256197096099e-01
4.058589595141046114e-01
4.032958816115015388e-01
3.976973459068536831e-01
4.072101465620110439e-01
4.091309088262201077e-01
3.979223187121219696e-01
3.979000455560335325e-01
3.935860156193511372e-01
3.977370547013398538e-01
4.104929335296182979e-01
4.006649363131379871e-01
4.107466348255512933e-01
4.049935783760930108e-01
3.938005361187377207e-01
3.922825151460159199e-01
4.051726917702382358e-01
4.063863928727970976e-01
3.963003020770851093e-01
4.114544211649012739e-01
3.881743308458760477e-01
4.116246343908395722e-01
4.116367636577907829e-01
3.862034045976051599e-01
4.034184845169999645e-01
3.923650595010202413e-01
3.848286492874670173e-01
3.851895925832945489e-01
3.846501356869106991e-01
3.841564110751788386e-01
3.892217417113311706e-01
3.857713254545185877e-01
3.859539021081013765e-01
3.950108745793414200e-01
3.864462149374082722e-01
3.890569276031503043e-01
3.887590226632677282e-01
3.884998572318866805e-01
3.984760474310390377e-01
3.941498116116167183e-01
3.889124184722776434e-01
3.894928017274186804e-01
3.824443176021293245e-01
3.828305132561274915e-01
4.002092902064083302e-01
3.986954798856187643e-01
3.865357630625638752e-01
3.909775292916419787e-01
3.935638982566289634e-01
3.920230679443283961e-01
3.930335681679180682e-01
3.931082675147460348e-01
4.059354999666329178e-01
4.143643040696464164e-01
3.928149428200145565e-01
3.872990702202079305e-01
3.859141234062308801e-01
4.386521927958249023e-01
3.932227335604104868e-01
4.387159829611865236e-01
4.402090728356522487e-01
4.466994407174147974e-01
4.404447975949292715e-01
4.098749634984916734e-01
4.466558225630975487e-01
4.454868309550410466e-01
3.916874688691315831e-01
3.925550415581633423e-01
4.448706103031880299e-01
4.470379969351140903e-01
4.339625308814784033e-01
3.849380085034651011e-01
4.436265504270905380e-01
4.433189017475926974e-01
4.443101843381357385e-01
4.474183139260605735e-01
3.920194118872835087e-01
4.474963266676136309e-01
3.908932640262532954e-01
4.455562557551400182e-01
3.847520530620086587e-01
4.479490115063624600e-01
4.479429435901584045e-01
3.860250269108203569e-01
3.809799550768970811e-01
3.812222339270880944e-01
4.475730523335290090e-01
4.400019087744738711e-01
4.481248528060473579e-01
4.396920502237660622e-01
4.037706426987520691e-01
3.907478057976011554e-01
3.907290777433827245e-01
3.845466179347994395e-01
4.269408781009169096e-01
4.102497440431493447e-01
4.376178539570810822e-01
4.396176417728085428e-01
4.394391793741476704e-01
4.372830710538178067e-01
4.370169450676963940e-01
3.794902602236547295e-01
3.851102882035061792e-01
3.792899080180033300e-01
3.792899080180033300e-01
4.403078954987479365e-01
4.404721338016870380e-01
3.902258555481857294e-01
4.366795903543417845e-01
4.374786678498690518e-01
4.372419163926125063e-01
4.373216136590593606e-01
4.258839227753382084e-01
4.105996938466635604e-01
4.105124954646561797e-01
4.104743850339084288e-01
4.078163855866929199e-01
4.485257437626134491e-01
4.269373437824156015e-01
4.464795994359761488e-01
4.397881759352457176e-01
4.346842590882012969e-01
4.103323852718935294e-01
4.103045257201281548e-01
3.908576932892505185e-01
4.117702499441438513e-01
4.363375129990574863e-01
3.899244504923558563e-01
4.122859586646440699e-01
4.124472418294421461e-01
4.234365370342275670e-01
4.360971413606219982e-01
4.227440640920385739e-01
4.230341508078452883e-01
4.091960789253578090e-01
4.472281196140250326e-01
4.175276964823937398e-01
4.422731057168177160e-01
4.217081748824338394e-01
3.846037655868195793e-01
3.965694278172520737e-01
4.231931673787358572e-01
4.179113124487503494e-01
4.326494712451151581e-01
3.616101492476834767e-01
3.613242191366495826e-01
3.611171198702504137e-01
4.210301080567013798e-01
4.279390544132431473e-01
3.613057918935855817e-01
4.208939903922904735e-01
4.323873900302982465e-01
4.481578963980969998e-01
4.205313301018928085e-01
4.319330610732977083e-01
3.610953682534560061e-01
4.487236311922523369e-01
4.198783827020595161e-01
4.223428535850596299e-01
4.225020044959060250e-01
3.891569945052328339e-01
3.612628456949144029e-01
3.779436784302617203e-01
4.308183002296438469e-01
4.183949695678728653e-01
4.204099074095329902e-01
3.610199658295932257e-01
4.302100224457157673e-01
3.890218229589984533e-01
4.300977940467047289e-01
4.307517136976546923e-01
3.766949415978511073e-01
4.007920412180234204e-01
4.170336047262554469e-01
4.080287169041585948e-01
3.888704681437615274e-01
4.248647598563459193e-01
4.188579079882974732e-01
4.506091831798049729e-01
4.189486832216873791e-01
4.162968261451280294e-01
4.365938431063591807e-01
3.615799847317894833e-01
3.612974024436139686e-01
4.277326700455723052e-01
3.615711123133703020e-01
4.077518229207233724e-01
4.359090757829224283e-01
3.982627458277860355e-01
3.982627458277860355e-01
4.184857750611814531e-01
3.784601746330257255e-01
4.169018867388166738e-01
4.250918041916694756e-01
3.611530456300965364e-01
3.618713661829520145e-01
3.615727393950208257e-01
4.462244220909833969e-01
4.255692898998444940e-01
4.254118076334034160e-01
4.166711220693214424e-01
4.168815626795056573e-01
4.243346886547094132e-01
4.170362700718375226e-01
3.615729317135836229e-01
4.408033567486312476e-01
4.185643350977191757e-01
4.188450313029828398e-01
4.198929140947061378e-01
4.073268398688331682e-01
4.074567639270118558e-01
3.768847266344871882e-01
4.297160503946216847e-01
3.939623149960557735e-01
4.170516738796443135e-01
4.237267950661228744e-01
3.610852875818534313e-01
4.051823359042178163e-01
3.753446193355397531e-01
4.236687642646149166e-01
4.225422604166511054e-01
4.073086630381755890e-01
3.746067833776487443e-01
3.632780101927562399e-01
4.168883186629854798e-01
4.146452844038058805e-01
3.845559320912123047e-01
4.223848706548037901e-01
4.068456387035221944e-01
4.160831822442889738e-01
4.170675434890616096e-01
4.219446468121201277e-01
3.613947886272504406e-01
4.409185995656138557e-01
4.217491800554619696e-01
4.217491800554616921e-01
4.222701136963793456e-01
4.191984680187261780e-01
4.188870592113259073e-01
4.177362866517118078e-01
3.758443170031358083e-01
4.174578573460318021e-01
4.174611565162723026e-01
4.176345562470203387e-01
4.174191260349423005e-01
3.877114658860218444e-01
3.608255709376971265e-01
4.092605493404448125e-01
4.198116121832865533e-01
4.190286253644672776e-01
4.192962258580879009e-01
4.178376729266614631e-01
4.190962194133387997e-01
4.191305281142815864e-01
4.181775635980767847e-01
4.191352817500729189e-01
3.844714149760454225e-01
3.625652307836834121e-01
3.634289464858054819e-01
4.017266801790657649e-01
4.174750672349991087e-01
3.872937328694596726e-01
4.236081339247480537e-01
4.196574482433437225e-01
4.151249566075703168e-01
4.180047223251180388e-01
4.017942681707659669e-01
4.480457957523880097e-01
4.078133223366012805e-01
4.426927799063082869e-01
3.836181319300235870e-01
4.221742116256046451e-01
3.833555484989885631e-01
4.480047431232706545e-01
4.197131229783510609e-01
4.059829807589964701e-01
3.780276529124785845e-01
4.084245804379554312e-01
4.022811409615296152e-01
4.022702292132682156e-01
4.027472990517538265e-01
3.828055887513017730e-01
3.724764489755308383e-01
3.776631020305142861e-01
4.336563549643978055e-01
4.069680846721100975e-01
4.063700988706577255e-01
4.067241450604560660e-01
4.342239323787573380e-01
3.721097876913161406e-01
4.512858282214229910e-01
3.812184954646498647e-01
4.053880974041871865e-01
4.034616948819428339e-01
4.238936933683126185e-01
4.122515877365884873e-01
4.127324588763058300e-01
4.004360269246134418e-01
3.704677989945031058e-01
4.049332029603617267e-01
4.286446771023381119e-01
4.374113626454741444e-01
4.243299150803631070e-01
3.748343262159528622e-01
4.061593928839654088e-01
3.701285514189218140e-01
4.048114164020861772e-01
4.194502747467216408e-01
4.414109517227354229e-01
4.470436230049520399e-01
3.724740943393900494e-01
4.379306016034034132e-01
4.383555965421750966e-01
3.640529563070680763e-01
4.062888958252868221e-01
3.710044831024692513e-01
3.631266838298786714e-01
4.373641200603808343e-01
4.362868072139682307e-01
3.992244857113784740e-01
4.431564894295786927e-01
3.888976939481918471e-01
4.177330691485676706e-01
4.336687120505619553e-01
3.783065841905817184e-01
4.473736193213520007e-01
4.077465937091819259e-01
4.119731124691776714e-01
4.478215012699002795e-01
4.271758889210675592e-01
4.116618108065475679e-01
4.277986431995892125e-01
4.278322652913232327e-01
4.180293441347771588e-01
4.093524772737616724e-01
3.633782946851285556e-01
4.187909850983734805e-01
3.633896911690425724e-01
4.508080101613463064e-01
4.097214696434548498e-01
4.183625612529124904e-01
3.637299535932472239e-01
4.101067636690847729e-01
4.206782767479666507e-01
4.120503113715639487e-01
3.634647284124166156e-01
4.105474575027592277e-01
4.123188517209892545e-01
3.767549259274445284e-01
4.048695468609946335e-01
4.065910362839478820e-01
4.403722382462164631e-01
4.198777671087593477e-01
4.173630980589639883e-01
3.610343053960304860e-01
4.481518256942625955e-01
3.610592399941340847e-01
3.908400925972679851e-01
4.259532597793252440e-01
3.610652802891645141e-01
4.120577199613251751e-01
3.638784951059006456e-01
4.081696105153956311e-01
4.119843807134475067e-01
3.717071157905624812e-01
3.762095651515365291e-01
3.614067150035998321e-01
3.689329530589828821e-01
3.643342483583581481e-01
3.723632633576889339e-01
3.842116257079228325e-01
4.268325170214608000e-01
4.059593850394200287e-01
4.077642352362154110e-01
3.691040781883633271e-01
3.796061775157902329e-01
3.689844890304044278e-01
3.739335418916818199e-01
4.221605759460310137e-01
3.793277431789917609e-01
3.647468321768626009e-01
3.688497002515249146e-01
3.792500794752765580e-01
3.792484863891151803e-01
3.792477432091935774e-01
4.223798372605695461e-01
3.583628710366117964e-01
3.583628710366117964e-01
4.153699645899588400e-01
3.642367813318780900e-01
3.611900575438000693e-01
4.316026275190300576e-01
3.613618598478834931e-01
4.316098853144563763e-01
3.761928347518451732e-01
4.178719473410740237e-01
4.184658868369170448e-01
4.184658868369170448e-01
3.678926812439733962e-01
4.097883818301921721e-01
3.771866242397203806e-01
4.361649642360878598e-01
3.733633203552068069e-01
4.220606083560048960e-01
4.372910846701705823e-01
3.726596052505756207e-01
3.662191525904869849e-01
3.652817959716855301e-01
4.380455777034876208e-01
4.279781635565273468e-01
3.664762379177829987e-01
4.384300119613068203e-01
4.337521559867722476e-01
4.315583558215191906e-01
4.388390230791967550e-01
4.322857919743414712e-01
3.612833236579031659e-01
4.371709260316858359e-01
3.643954700208807962e-01
3.583292552180956103e-01
4.159752634816211159e-01
4.154099313637414914e-01
4.043682984082187515e-01
4.148018952002249238e-01
4.286128932777741318e-01
4.112075133898364099e-01
4.395023174127167809e-01
3.608494800771364086e-01
4.075497690516461935e-01
4.069692625313860446e-01
3.644128412815858531e-01
3.867847992628155041e-01
4.397679785773753736e-01
4.238271400756740137e-01
3.626064615187027940e-01
4.244478603842281594e-01
3.608130063635868190e-01
4.401084757577034545e-01
3.608492131634581379e-01
4.499689836433961587e-01
3.610492824996943684e-01
4.128954398974534201e-01
4.405946570457291989e-01
4.401955300217231248e-01
4.433548284325618538e-01
4.404266564585523902e-01
4.258784289416907010e-01
3.605383801455060433e-01
3.608159184696741462e-01
3.617821053767417694e-01
3.617821053767417694e-01
3.617821053767417694e-01
3.607853588768545894e-01
3.606781385757570901e-01
3.607574605071188767e-01
3.607639427714832703e-01
3.607352447654645911e-01
3.627653685889396518e-01
4.338947614945213305e-01
4.338947614945213305e-01
3.627639522123867755e-01
4.389933974780068637e-01
4.372390710761115962e-01
3.639646937579406605e-01
3.634796776178623734e-01
3.634601873736438282e-01
3.557500491738019299e-01
3.559455726847530754e-01
3.544172169782889847e-01
4.395123315607574743e-01
3.633670552040986768e-01
4.364097768499161090e-01
3.638875545246997301e-01
3.638875545246997301e-01
3.782842457016443172e-01
3.632243005021645321e-01
3.512105118763723666e-01
3.599791907573456351e-01
4.454723017549085395e-01
4.417330096328950240e-01
4.569491497807010028e-01
3.760989244428126765e-01
3.593852326875150993e-01
4.245719496431037965e-01
3.447204933537500460e-01
4.404260902842589420e-01
3.563997830001480183e-01
3.563572646924373366e-01
3.986153101738321158e-01
3.993967266606868183e-01
4.457838384910808305e-01
4.403066564673291938e-01
4.531189437543794440e-01
4.108128874548347964e-01
4.141737147365169847e-01
4.226811901310726927e-01
4.131608732945888929e-01
3.670644541500914237e-01
3.319211427079651888e-01
3.299967816273171595e-01
3.888097822271749382e-01
3.607004243790132847e-01
