1.282441067510194266e+00
1.282427126935014039e+00
1.282427275705087633e+00
1.287127463374640124e+00
1.282409254919784081e+00
1.253045220936688020e+00
1.253045220936688020e+00
1.253123393924168383e+00
1.253076522904979395e+00
1.253109726697857695e+00
1.253101622748711508e+00
1.282622408871960218e+00
1.270392497171390467e+00
1.282074525147367305e+00
1.282022028011022607e+00
1.281975505404507665e+00
1.282049300205878595e+00
1.281708938843281631e+00
1.281708362562389292e+00
1.281710866520092473e+00
1.281712298038591769e+00
1.281716154711298739e+00
1.281718546127294411e+00
1.281718568001159131e+00
1.281720012676677900e+00
1.281720012676677900e+00
1.281722546008416730e+00
1.281722546008416730e+00
1.281726577454143756e+00
1.281728512545269316e+00
1.281730438912998871e+00
1.281730438912998871e+00
1.281734301666130005e+00
1.281554435627292543e+00
1.281558744822304252e+00
1.281562972803495404e+00
1.281570835172575640e+00
1.281572792681634931e+00
1.281575061877701094e+00
1.281576994562290128e+00
1.281579262269159969e+00
1.281581311604800044e+00
1.281590802297799314e+00
1.281587511675563951e+00
1.281595940821346424e+00
1.281600512648645163e+00
1.281602470921894055e+00
1.287244696119035137e+00
1.287226243714457707e+00
1.287250314104083859e+00
1.287250367960551367e+00
1.287239246789244396e+00
1.281674451612431209e+00
1.281674451612431209e+00
1.281674451612431209e+00
1.281674451612431209e+00
1.281674451612431209e+00
1.281674451612431209e+00
1.281674451612431209e+00
1.239870466816930250e+00
1.286186267395911909e+00
1.286192558957417020e+00
1.286201118923654185e+00
1.286201141986502039e+00
1.286195712394756052e+00
1.286206649645267763e+00
1.286207973906960067e+00
1.286212841092300607e+00
1.286215431671533738e+00
1.286278655337188992e+00
1.240870423020518754e+00
1.240892821279113489e+00
1.281463200624063603e+00
1.281463200624063603e+00
1.286290191847307307e+00
1.281492908713041778e+00
1.281492807001125334e+00
1.281492786720576760e+00
1.281518712739924792e+00
1.253415574964856782e+00
1.216340527238839897e+00
1.213958629047058091e+00
1.240742940519603543e+00
1.240048565093223809e+00
1.240073128719668460e+00
1.240074873750616646e+00
1.281551489495735607e+00
1.240156589909591878e+00
1.281748464084405903e+00
1.281626546608281902e+00
1.284087991442739662e+00
1.280218716225485887e+00
1.240191179780846253e+00
1.281584209880403558e+00
1.281584371303287284e+00
1.240306995865226414e+00
1.240213395083440862e+00
1.240251497400198133e+00
1.280196571970851904e+00
1.280190687450246889e+00
1.280186575722300324e+00
1.280185987117789193e+00
1.286421559327054931e+00
1.282380297161587857e+00
1.240236727196870836e+00
1.287069819398168891e+00
1.239627384601163174e+00
1.240297718201359478e+00
1.240305371545566748e+00
1.240305434225008829e+00
1.240072988392269870e+00
1.285614649956118294e+00
1.197732366730056341e+00
1.279416719340160880e+00
1.280188752442075639e+00
1.280477399751989376e+00
1.241305786006813960e+00
1.241305786006814182e+00
1.240329772395480701e+00
1.240413325701365421e+00
1.240414751258121839e+00
1.240415755475003046e+00
1.239781159792312293e+00
1.253760969533709302e+00
1.281653902180998283e+00
1.254619905204610308e+00
1.281655629367252525e+00
1.281655629367252525e+00
1.281693478363483907e+00
1.279692448727477672e+00
1.279692905103687162e+00
1.167318052680236251e+00
1.179069291782792073e+00
1.167326447916009036e+00
1.235996829808451380e+00
1.235997365646813284e+00
1.253925248372145917e+00
1.253983751446812178e+00
1.253981270325537967e+00
1.286474524797614372e+00
1.286475558600999713e+00
1.286979114500969468e+00
1.240815800966136084e+00
1.286980842380152312e+00
1.166218405914331457e+00
1.286984337131990230e+00
1.253820064359517650e+00
1.175679808609867649e+00
1.253828605098379345e+00
1.194842879161031490e+00
1.187430229064802667e+00
1.187734058329299680e+00
1.281945099243316788e+00
1.168050474503493197e+00
1.187541874794047825e+00
1.188504894050100846e+00
1.188851228555620532e+00
1.167044637779315108e+00
1.281769046987917271e+00
1.187771279829537896e+00
1.187770814899212990e+00
1.281807175806673804e+00
1.166545739484187383e+00
1.240368438636131554e+00
1.166516326569167594e+00
1.167119703061995750e+00
1.281796043122469531e+00
1.286889123232851206e+00
1.167159027925445791e+00
1.167159323407058524e+00
1.168107681398216302e+00
1.166995628168062238e+00
1.188953728842672364e+00
1.279581092831080236e+00
1.166369755229614391e+00
1.240608588395464729e+00
1.285961063132765148e+00
1.278567999731987870e+00
1.279046393425395278e+00
1.281922697510075926e+00
1.279702716074041957e+00
1.187461344182842771e+00
1.187596581589141165e+00
1.187616545113227229e+00
1.282065715065814793e+00
1.282065715322231680e+00
1.187726299603163893e+00
1.286785756144811943e+00
1.286785760303716053e+00
1.281860886321512183e+00
1.281860886321512183e+00
1.281860886321512183e+00
1.286377475339986143e+00
1.188113971950008452e+00
1.188114705664334192e+00
1.188116062354042546e+00
1.188116117833622143e+00
1.188116117833622143e+00
1.188116117833622143e+00
1.188116117833622143e+00
1.188116117833622143e+00
1.188117158583788191e+00
1.188088227222326987e+00
1.188088228171637839e+00
1.188088228372307320e+00
1.188088228578594086e+00
1.188119540461253898e+00
1.188119540461253898e+00
1.188117868087685602e+00
1.188096084962254384e+00
1.188096139356150438e+00
1.188096566176611857e+00
1.286790367802613799e+00
1.188126905203913619e+00
1.254511644334832532e+00
1.189245738509965067e+00
1.189339263152532133e+00
1.167318786178081380e+00
1.187763035710766024e+00
1.187898009988519243e+00
1.187917936800156005e+00
1.188027722522240204e+00
1.188125692508154696e+00
1.167433518992402330e+00
1.167463589551674286e+00
1.167463111741804616e+00
1.187457421732042606e+00
1.167462826299934031e+00
1.167462726920089899e+00
1.167462688294721218e+00
1.167462534345401481e+00
1.166901521807415021e+00
1.167462300901743966e+00
1.167462263481717999e+00
1.167529611910296028e+00
1.167483133675093709e+00
1.167483133675093709e+00
1.189226397636092836e+00
1.167422927426889245e+00
1.240737214446627990e+00
1.167542361553161490e+00
1.188310475123629306e+00
1.188310475123629750e+00
1.167466874687251188e+00
1.167391511489116240e+00
1.168403247509296694e+00
1.167315558053961144e+00
1.166715430495133710e+00
1.167179352953786831e+00
1.167076682415439715e+00
1.167554317439269962e+00
1.188322636820541289e+00
1.281945530022005286e+00
1.167602141788411041e+00
1.167602141788411041e+00
1.167602141788411041e+00
1.167602141788411041e+00
1.167602141788411041e+00
1.167604027302705516e+00
1.188401000453659373e+00
1.188401000453659373e+00
1.188401000453659373e+00
1.188401000453659373e+00
1.188401000453659373e+00
1.188401000453659373e+00
1.167599086363317662e+00
1.167598206731010002e+00
1.167608685192317308e+00
1.167596063609241730e+00
1.167595790471413597e+00
1.166509477280377016e+00
1.188368006102738850e+00
1.188177090622224208e+00
1.281990445115926081e+00
1.168538200939673199e+00
1.167525809985045182e+00
1.138979690587501148e+00
1.167322777769065123e+00
1.166787251132102909e+00
1.167676680954626844e+00
1.157980416658738410e+00
1.146086114777230769e+00
1.167784124295953685e+00
1.167798428930050925e+00
1.167664098559741515e+00
1.188510548979691439e+00
1.188510631053340871e+00
1.282175621971089585e+00
1.188510982370975855e+00
1.254170383356235430e+00
1.282247380546432280e+00
1.240283566431476414e+00
1.286582575046116617e+00
1.286582626854426037e+00
1.282849147976151905e+00
1.282700558202365615e+00
1.167699803712702433e+00
6.242189681024244013e-02
1.278523944115522060e+00
1.278443138390876088e+00
1.167636216450518294e+00
1.071201501842751869e+00
6.138102100327893357e-02
6.249175380312026185e-02
1.240629218823666058e+00
6.267156576400566281e-02
6.262193310329890183e-02
1.242284503783813276e+00
1.097085664259393356e+00
1.282166468482452748e+00
1.254234139831964079e+00
6.729164645610512252e-02
1.282086880779449878e+00
1.282086880779449878e+00
6.348493654892489735e-02
6.348298235082117102e-02
6.346199710984221087e-02
6.323140953953060306e-02
1.286901752643377694e+00
1.188611736427991561e+00
1.188611736427991561e+00
1.188611736427990895e+00
1.188611736427991339e+00
1.188611736427991339e+00
1.188611736427991117e+00
1.188611736427991117e+00
6.050281924986905535e-02
1.280426301168118508e+00
1.280425724952343192e+00
1.096138138661243655e+00
1.096159526611584889e+00
1.096277998049224989e+00
1.286584541296129869e+00
1.188584986628482998e+00
1.188586370491228283e+00
1.070751756643718577e+00
1.070273115291544563e+00
1.188592246446313894e+00
1.286923623734854472e+00
6.356483958616816754e-02
1.070216376453764884e+00
1.254374393431166634e+00
1.070516481778293061e+00
1.167855236893317272e+00
6.226699810841748034e-02
1.167861472149378965e+00
1.167862723577832496e+00
1.167863159276923080e+00
1.167865027017899404e+00
1.167865191074012765e+00
1.070221606737177700e+00
1.167395356303861265e+00
6.383525795474535858e-02
1.096092049931608914e+00
6.449831424756817533e-02
1.112923209812876957e+00
1.116273706571954127e+00
1.254667795736941205e+00
6.015308980907266984e-02
1.071895552475767621e+00
1.282229833297677590e+00
1.281390591239039978e+00
6.424452222847569505e-02
1.187645477015866868e+00
1.071063893710108905e+00
1.286163423272654871e+00
1.286158799407149056e+00
6.712740710673870126e-02
6.062561041002176299e-02
6.062055045000542403e-02
6.061535547729805101e-02
6.060235313032302784e-02
6.057943932993903324e-02
1.282532492203488417e+00
1.096226581905535458e+00
6.162345108585826070e-02
1.096979514308787040e+00
6.032949358259123013e-02
6.032949358259123013e-02
6.030580020572810090e-02
6.021211586503720514e-02
1.188880614897388721e+00
6.134444874003336379e-02
1.254724355502719657e+00
6.148124143255441487e-02
6.166459883659117930e-02
5.690172028349912287e-02
1.277811341993998040e+00
1.277815217437599182e+00
1.287069387720788605e+00
5.255812675137586792e-02
5.918060424676443304e-02
1.255009917095068150e+00
5.079210249256969900e-02
5.755500262032102465e-02
4.947589166902990193e-02
4.949563942654098408e-02
4.904487046328595556e-02
1.168079277921671322e+00
1.070521657403605831e+00
5.714138726093796750e-02
5.799985126808452490e-02
4.914208934433023784e-02
4.904416844494374067e-02
5.706678995887663058e-02
5.706339883993986201e-02
5.706235411878270158e-02
5.706235411878270158e-02
5.706235411878270158e-02
5.706235411878270158e-02
5.706235411878270158e-02
5.706235411878270158e-02
5.791101612411561628e-02
5.790865952262846950e-02
5.708343353810192700e-02
5.790456759098053241e-02
5.790438450159675343e-02
5.790165549968771808e-02
5.789948865238760123e-02
5.789715220630861636e-02
9.911177806459585682e-01
5.683171997300781597e-02
5.554387150146092994e-02
5.567535211273046819e-02
5.626121855190677895e-02
4.758433020519248907e-02
5.675242592926454249e-02
5.934933383361715858e-02
4.162824864116433654e-02
4.158666102160860772e-02
4.887439012915237302e-02
4.887120647962916314e-02
4.034996454289647289e-02
4.866590228159081016e-02
4.868280706007292041e-02
4.868603715857720143e-02
4.893689156227331444e-02
4.350503417020622904e-02
4.204464254722517502e-02
4.919350718826790564e-02
4.018558552052953897e-02
1.253545015133285201e+00
4.153532833499470195e-02
4.876725117784119073e-02
4.243468441192618790e-02
4.421857079165435883e-02
4.421815588414854808e-02
4.462043780096896367e-02
4.533401815368073157e-02
4.398833450257416677e-02
4.607668444180601508e-02
4.614191776167585884e-02
4.723378145467306555e-02
4.511361068371067679e-02
4.521619489625993554e-02
4.620883277027221930e-02
3.068176453153012573e-02
3.139297472103320941e-02
4.771071535280005382e-02
3.242529003398463006e-02
4.565381998587710738e-02
3.451556164671492483e-02
4.500466374788256868e-02
4.644073932321704512e-02
4.712615679793771134e-02
4.687138371172316909e-02
4.765501592105685080e-02
4.918174703933116815e-02
9.590784502164679814e-01
6.738759983713450419e-01
6.927945351737742063e-01
6.733404827671519710e-01
1.167159861532167664e+00
8.267662437719723867e-01
8.266776964049633580e-01
8.274090081907399252e-01
8.274246310462161080e-01
8.314408952520908613e-01
8.275576910902092687e-01
8.275881716410325994e-01
8.270822440923899510e-01
8.276336517463079856e-01
8.278763338568263519e-01
8.244429258377925507e-01
8.281448780588579472e-01
8.282426252927403976e-01
8.356536468524515815e-01
8.236542333777037150e-01
8.222521670356464085e-01
8.297747813581042298e-01
8.201817547632650474e-01
8.349728858538300047e-01
8.353627479338343598e-01
8.356681931040251810e-01
8.357200392437578174e-01
8.362530709763617010e-01
8.358602826627264948e-01
8.357867411261434842e-01
8.412885176711291102e-01
8.363363742122829070e-01
8.355736376763309714e-01
8.371143783835998109e-01
8.371459813219601642e-01
8.371224677220615584e-01
8.175009144215921175e-01
8.370548309065434234e-01
8.359280073797850097e-01
8.433927676688772745e-01
8.337757457514151094e-01
8.327580210512158798e-01
8.130292843098533284e-01
8.577497011131851590e-01
