1.734769773485641542e-01
1.739085485290868260e-01
1.739085485290868260e-01
1.739042647750025372e-01
1.739042647750025927e-01
1.739042647750025927e-01
1.738111916871362128e-01
1.738111916871361573e-01
1.738111916871362406e-01
1.740938779899076361e-01
1.734925260713759687e-01
1.737553897256075008e-01
1.740938779899076083e-01
1.735088465224885468e-01
1.734834782772618489e-01
1.741532264785926876e-01
1.740938779899076361e-01
1.735088465224885468e-01
1.740666244477425406e-01
1.740666244477425129e-01
1.734440508079570509e-01
1.734440508079571064e-01
1.734440508079569954e-01
1.742265050052037578e-01
1.732586480923650474e-01
1.732586480923665462e-01
1.742265050052039799e-01
1.732615074961068868e-01
1.742265050052038411e-01
1.734966941699067899e-01
1.742369446120558274e-01
1.742369446120556054e-01
1.733576278220754219e-01
1.741719184289448608e-01
1.741719184289451661e-01
1.741719184289467204e-01
1.736786801625834764e-01
1.736786801625835042e-01
1.736668111286748251e-01
1.736668111286748806e-01
1.736668111286748806e-01
1.738683545015832221e-01
1.738683545015831389e-01
1.741600116553577715e-01
1.737747661142800548e-01
1.741600116553578270e-01
1.739696582090463073e-01
1.739696582090458910e-01
1.732456668487048490e-01
1.731925524942773409e-01
1.731610498590630265e-01
1.731526918965275996e-01
1.731792577282212087e-01
1.731359433007641224e-01
1.731191292359063050e-01
1.733571716319507461e-01
1.733639606997785243e-01
1.731696782913741961e-01
1.731784348171700183e-01
1.731521250591584460e-01
1.731344912813182202e-01
1.730967762724106296e-01
1.731034873498081272e-01
1.730789876379557057e-01
1.730611173776984424e-01
1.730058037253861536e-01
1.727840309167648358e-01
1.729988608385126525e-01
1.727521044232350478e-01
1.727497363630320637e-01
1.727314419010015367e-01
1.727104119975963470e-01
1.728456252449482589e-01
1.726750278703182984e-01
1.729397757536081937e-01
1.728268009460457166e-01
1.728401529116175839e-01
1.729218645448443170e-01
1.728097401776446940e-01
1.727417971470560920e-01
1.727804140334338878e-01
1.726213856441500549e-01
1.726111286030471148e-01
1.729242387453068519e-01
1.727413539135173315e-01
1.725927991875420842e-01
1.728838462477585158e-01
1.724607951769287773e-01
1.724259979446659541e-01
1.728354279390596493e-01
1.723691152602445931e-01
1.725135296911579352e-01
1.722965803698453535e-01
1.722673675114455294e-01
1.724440417768882128e-01
1.724373534395841068e-01
1.721981332929566622e-01
1.726671180773784176e-01
1.727173987433307245e-01
1.721796348140898769e-01
1.720689049310057950e-01
1.726328715708352890e-01
1.725653029896445922e-01
1.719791764757023778e-01
1.719620984214500492e-01
1.725042434972547389e-01
1.724714856879972780e-01
1.724953489338284240e-01
1.724454639285658564e-01
1.720779101342433948e-01
1.720753197322045513e-01
1.718627262957090895e-01
1.724674213963096892e-01
1.723759265873308633e-01
1.723686720651790572e-01
1.723109897017214842e-01
1.717324765618349069e-01
1.719843580485837520e-01
1.720271243119625981e-01
1.721808535978157362e-01
1.721304092506051320e-01
1.721948092480777570e-01
1.721442793925888615e-01
1.717216178800633208e-01
1.716943007937875576e-01
1.721594584729933264e-01
1.719896197442350450e-01
1.717647243885382369e-01
1.722118861461498507e-01
1.718640295824516995e-01
1.715666956501472606e-01
1.721872151866932488e-01
1.720034808957430772e-01
1.716379018307783444e-01
1.715403570315623960e-01
1.721160194157588252e-01
1.717789796035034400e-01
1.716144613236360028e-01
1.720589803070137203e-01
1.713815588184525174e-01
1.716024087675655230e-01
1.717039765090827841e-01
1.719804017785305505e-01
1.720830965651144739e-01
1.719149610046183385e-01
1.718045896049235077e-01
1.716888259084632662e-01
1.715107660841079795e-01
1.717539669023522286e-01
1.718351845456116966e-01
1.719540791644076083e-01
1.719073232290339037e-01
1.716093623080426067e-01
1.714044277467847155e-01
1.715672827047909355e-01
1.712892215081645297e-01
1.712373155745668674e-01
1.719919839303490627e-01
1.712412673574073008e-01
1.711409527486735527e-01
1.714833822939117458e-01
1.715718172890034199e-01
1.712388086428866252e-01
1.713714500387066297e-01
1.711877484229750446e-01
1.718120136358775585e-01
1.716906711995871693e-01
1.716445575205568230e-01
1.717272663134497834e-01
1.718401475155714453e-01
1.710884982705621338e-01
1.711775056211490287e-01
1.710335533974912114e-01
1.717588261888474965e-01
1.714762762995546141e-01
1.713627113901151633e-01
1.715259482266873747e-01
1.709663214060402336e-01
1.713115566172392912e-01
1.712623072551014980e-01
1.708591725187044719e-01
1.710412692231889908e-01
1.708490640590825116e-01
1.718200054585130310e-01
1.708720458078865356e-01
1.708546831334175065e-01
1.707797462268461630e-01
1.709625461608128838e-01
1.712098320488651959e-01
1.709997053542452183e-01
1.715725075327350080e-01
1.712435222070112506e-01
1.712778076509401948e-01
1.710113996330882291e-01
1.716252578476062662e-01
1.716786120432435558e-01
1.706877822520188603e-01
1.714320227847757894e-01
1.714460333505386236e-01
1.714471195684968419e-01
1.708694974973911374e-01
1.713841667579130146e-01
1.714391051125707943e-01
1.713268790488830240e-01
1.714193530561535506e-01
1.711029546992015871e-01
1.714476020972153791e-01
1.714941952574562667e-01
1.706595758653538519e-01
1.714773704408529553e-01
1.708104024225554352e-01
1.710338934770422592e-01
1.705272293398221728e-01
1.705915468886045061e-01
1.707669109616882785e-01
1.713368708209632163e-01
1.714419513254752392e-01
1.711735499840273400e-01
1.714849521975811142e-01
1.711030562281759537e-01
1.706454840901798220e-01
1.710005478801172318e-01
1.710692582034932518e-01
1.713958125930815091e-01
1.711146792963590957e-01
1.713461558909909199e-01
1.708988913234580909e-01
1.713071473062085515e-01
1.714081987580974298e-01
1.708389742721777294e-01
1.713895658587809290e-01
1.705396747027362048e-01
1.710885871489328247e-01
1.711995993399365035e-01
1.714783546462259056e-01
1.709462178637071450e-01
1.707970823760393553e-01
1.711097660778582719e-01
1.709567040568483742e-01
1.708120901857913543e-01
1.705663571770092979e-01
1.709644422315395873e-01
1.710550494765855356e-01
1.703932461849788360e-01
1.704752639621018862e-01
1.706818181543879875e-01
1.706692273788515124e-01
1.713166002435349278e-01
1.711768078137619331e-01
1.713531667014489279e-01
1.710751185043151712e-01
1.705507894566183347e-01
1.704490383385656449e-01
1.708474559746149535e-01
1.706571970684247208e-01
1.703095275390819341e-01
1.705459532870335360e-01
1.709020666760847629e-01
1.704338935527978383e-01
1.704375560261313372e-01
1.705087830655192538e-01
1.703425694708007587e-01
1.712079356449723866e-01
1.704927677794227658e-01
1.708863988115685573e-01
1.709226426532442500e-01
1.713655608274518571e-01
1.709121920258730720e-01
1.713223713994904418e-01
1.711062106893507240e-01
1.704644601363428935e-01
1.712086893799253384e-01
1.706797080584603332e-01
1.709201811287380801e-01
1.711011363084081471e-01
1.712282916707575930e-01
1.712072521745351406e-01
1.711889770965487612e-01
1.710937077775356585e-01
1.705374439442522982e-01
1.708681388743857887e-01
1.711578888535644216e-01
1.701943868762572365e-01
1.712658979645985402e-01
1.705594413019416999e-01
1.709148466966276536e-01
1.711197245228313346e-01
1.711190477091769357e-01
1.709222621860716496e-01
1.711157737395654910e-01
1.708983285668052021e-01
1.707216146418801539e-01
1.701253200535972621e-01
1.709874537565013175e-01
1.703143295801489709e-01
1.709977955468104105e-01
1.709607092233328129e-01
1.705202026297230333e-01
1.704730323354759491e-01
1.704051757459637551e-01
1.709809310065369958e-01
1.710042705437541111e-01
1.700330155044779967e-01
1.704891009545006775e-01
1.709564298348796307e-01
1.700394635164302337e-01
1.708321873674152891e-01
1.709148996296726009e-01
1.704729453956078389e-01
1.702055945706729689e-01
1.703668868478797893e-01
1.709679461676132384e-01
1.701868867614048653e-01
1.706325638367916231e-01
1.706745755094138950e-01
1.702936836081573591e-01
1.707955915663943725e-01
1.701126787484412706e-01
1.707803405873462299e-01
1.708660781701230313e-01
1.701113256622966696e-01
1.709425472561675874e-01
1.698919545389454278e-01
1.700701997303324942e-01
1.699202798072718401e-01
1.704913168683238611e-01
1.699921320422817239e-01
1.704506806655617102e-01
1.700640176034999840e-01
1.698588809894161777e-01
1.698372188457851484e-01
1.702597546168040932e-01
1.707192949155731665e-01
1.704171709849069682e-01
1.709864863800303891e-01
1.708767013083345165e-01
1.704210124813946015e-01
1.707465796602645747e-01
1.698228014916573214e-01
1.697969680813875837e-01
1.702710419526150820e-01
1.708818315507086294e-01
1.708798425251888964e-01
1.698330586623711946e-01
1.698330586623711946e-01
1.702579816055338480e-01
1.697875288024566220e-01
1.703938304935197490e-01
1.708324205708199317e-01
1.703883003453433853e-01
1.706626375589734845e-01
1.707531627155781107e-01
1.704589152722625622e-01
1.698103673001172265e-01
1.705187850977269715e-01
1.698567985961125792e-01
1.701618794592429651e-01
1.697927959455486913e-01
1.708163819633517766e-01
1.699574757600064989e-01
1.702116617955370392e-01
1.708420327068665701e-01
1.698320359368435117e-01
1.706287654040142820e-01
1.697747810693567561e-01
1.706658669523080929e-01
1.699521907916608787e-01
1.706210869488502258e-01
1.701838387552807863e-01
1.702818619138490308e-01
1.698023547228282026e-01
1.697857826395275382e-01
1.695978345315095337e-01
1.698709224049538002e-01
1.702831679510252161e-01
1.707376485302231073e-01
1.696599736184482843e-01
1.699242958244068236e-01
1.703706411883704197e-01
1.706989026056224545e-01
1.705002926493188742e-01
1.695731307763342910e-01
1.694978636686853835e-01
1.704594432769059864e-01
1.696079043848274792e-01
1.694648527694987694e-01
1.706319326842093420e-01
1.694064229967189583e-01
1.698299961126384650e-01
1.700837560147939742e-01
1.699389869495564753e-01
1.703627875831163763e-01
1.705507333087170618e-01
1.705507262150912362e-01
1.705507226812952304e-01
1.694631718100048368e-01
1.705503322837033098e-01
1.695968937354137840e-01
1.693603788013081923e-01
1.705477236607191860e-01
1.704370251652797541e-01
1.705641034115011612e-01
1.695188829406467923e-01
1.692593187231310470e-01
1.692038464150113775e-01
1.702407481366640662e-01
1.692459411553397797e-01
1.696170745201256713e-01
1.702895195602706913e-01
1.704527678670315904e-01
1.704847693499070005e-01
1.704847693499069727e-01
1.704847693499069727e-01
1.704847693499070005e-01
1.693099918142980109e-01
1.693997890838769282e-01
1.698513467395210141e-01
1.693720940379478124e-01
1.692045413765299322e-01
1.698694454169961121e-01
1.697652461676681657e-01
1.700430902224747964e-01
1.691430733703393752e-01
1.691865006777037994e-01
1.700062845543601764e-01
1.692833500741231789e-01
1.702865846854013099e-01
1.690651805104081973e-01
1.691773077443375906e-01
1.690719403056046566e-01
1.690693848170063962e-01
1.696056667838336807e-01
1.690585557316279797e-01
1.690969143261399354e-01
1.689596690322093808e-01
1.701189051744229630e-01
1.697128180188298419e-01
1.695605119866268606e-01
1.694238027085008258e-01
1.690580171800463993e-01
1.701552885039409047e-01
1.702203429581479188e-01
1.689925722778355954e-01
1.691977123092776869e-01
1.689995144302528784e-01
1.697269022075262035e-01
1.694546363363070296e-01
1.700079635845158088e-01
1.695378655035978677e-01
1.700881059571232312e-01
1.699980226241973591e-01
1.697707792843454466e-01
1.696759612822261731e-01
1.690017266019627762e-01
1.698006566524510597e-01
1.687315650324450467e-01
1.695107003767132858e-01
1.688237260279665808e-01
1.686614211009092590e-01
1.698204326988120572e-01
1.699124346377499095e-01
1.686149845878691100e-01
1.693458347316000590e-01
1.693594316038827818e-01
1.692241071869362290e-01
1.691328816372844046e-01
1.684820590794022799e-01
1.688644440280828440e-01
1.688644440280828440e-01
1.686914397981076341e-01
1.690469024055384628e-01
1.693063894549295401e-01
1.695793283638769022e-01
1.685145207979028836e-01
1.685134050063790412e-01
1.688512223344125762e-01
1.685798736648685403e-01
1.687833187772038168e-01
1.687911343049763868e-01
1.693127884003000905e-01
1.689546186319500209e-01
1.686798148506602479e-01
1.686748569783958485e-01
1.695732233882690787e-01
1.681476999698450214e-01
1.684201833202600140e-01
1.687582052508661279e-01
1.687580602499320903e-01
1.682841175038066739e-01
1.689109670304407007e-01
1.688569318081251658e-01
1.676650659582309133e-01
1.677073299662809602e-01
1.691304452715363116e-01
1.685748941040480509e-01
1.684446850633945780e-01
1.680015704663114784e-01
1.684805394986043370e-01
1.674551774223880241e-01
1.676436119715442319e-01
1.685497405507315194e-01
1.668940071542298342e-01
1.668283995173250323e-01
1.671262723447492216e-01
1.679836759224766773e-01
1.664992147054687732e-01
1.675464835265934038e-01
1.661981336064530246e-01
1.661004545298028767e-01
1.662436087481355407e-01
1.665867592248723439e-01
1.661673734690555237e-01
